8828
2961262
411207
596010
8830
1663241
1334346
9742
2148292
223762
455525
2021701
2275538
10500
2931424
2248593
205584
9695
1252780
515554
2148078
8848
631633
2563430
1335120
3313187
2966577
1681701
3315076
3332051
3334704
2276508
324035
2276342
2023180
1288563
2274873
3598118
3598765
1338179
2966294
8851
2561689
402182
2561342
1488870
293702
2021804
1488864
402995
2021188
299279
1677562
595873
2022824
8853
1749842
1687803
2277151
1688213
3573228
2033180
298908
1688638
197159
299194
1804035
2073313
298867
1677529
2021732
623623
298783
299026
596504
2021656
2073326
9403
298794
624760
1663377
1253142
11000
8859
297288
1516277
3617115
1517675
1517118
1516421
8860
2020912
10741
2020984
640479
402347
828890
298608
1663497
298617
455422
750506
1681789
2917293
1663490
455941
244339
298576
1663861
1688475
10588
1110204
299128
299311
2821426
8865
1677487
2932616
1677405
1517441
2931828
27001
2933962
1517662
1517265
1947162
813581
1677391
3438674
1947155
3548718
1677397
1517045
2933574
1662292
8868
1228
299013
2020633
2918179
2815966
2816034
640716
3431217
244234
2022452
296295
596251
596657
456542
3305407
641561
855568
1677507
3430333
3422784
3431308
2917898
1777795
2821422
411344
1677524
640620
455628
641222
8878
11264
1690698
1336029
197077
1253961
1690604
2275986
243615
10907
1335197
9729
8880
1251993
2010659
2010614
2745996
407320
1228423
299216
2020879
2021769
1251303
2306734
1503420
1404561
299019
8885
3202282
1680172
1677458
1677377
1677369
3201453
2021172
403714
9508
12100
297677
2355886
1663209
297523
9606
1517114
1662294
8888
2275089
11320
2276737
2274824
2022720
2022733
1691815
1677499
9393
2019693
2022045
2022426
298924
2275448
208810
2256593
2019725
3262019
1689948
11089
2022895
299219
10802
411427
298921
8890
1682053
2277266
1205774
1536480
2723035
9396
1677575
12082
2022839
223119
12160
2020922
1750230
1688675
2023170
3039151
1677359
1690449
1687894
8892
1255995
2022558
2618227
2021846
2020764
2020348
408348
2019644
8908
12115
2021757
2865798
689004
1663477
9913
1253912
1663608
455228
410975
2275701
2277058
9930
1689910
1688348
11962
1332858
455384
410506
11696
8910
2021409
1663376
2276023
1689785
2610836
207053
403949
211671
505
8917
298579
2019400
1663487
1663483
11889
2019728
10792
298631
244358
9661
1663492
8987
1663824
2276230
243635
2020585
2563022
298545
596860
1663473
2275663
244975
596314
8926
296226
2997961
2499488
2997772
3547854
1385282
644306
3615465
295940
1638471
8927
3617920
297168
3615264
3620854
3212787
295449
3550069
1407492
1639693
624441
3618198
296815
8929
2879359
2023052
2879029
623870
2021932
2021101
455868
2020283
597267
2878456
2276758
2132101
298615
3631600
1691771
1253358
2355897
596736
3089242
1679724
1690647
1613088
8931
2248470
1691861
1688196
2248605
2021976
299424
2020157
1689748
2019585
2021347
2020472
1688526
2019791
8935
2519085
1677478
1611435
2519516
404928
406661
1677489
2866496
298763
8942
126089
410995
3333706
3335345
2148209
2148174
3332310
2148068
2148639
3365645
3316218
405899
3333295
3315303
409827
785585
320788
8948
298550
1770884
1125949
1404851
1044573
299015
5644366
2274999
2020715
1688258
2022673
1148
391
5603821
2276859
2019543
1688075
2010420
8952
2933895
1677375
1689344
2021215
405442
596552
2355899
2021246
1975239
1407523
223508
2355822
1677356
2020758
2276626
223040
1677363
1677364
11901
8959
407004
432815
455262
407738
407024
298713
2022035
299063
455283
455455
1252094
429946
412409
